[-0.58936445 -0.00184176 -0.44202334 -0.58936445 -0.00184176 -0.00138132
 -0.00138132][ 7.39131889e-01 -8.15212848e-04 -1.95651083e-01 -2.60868111e-01
 -8.15212848e-04 -6.11409636e-04 -6.11409636e-04][-8.15212848e-04  9.99997452e-01 -6.11409636e-04 -8.15212848e-04
 -2.54754015e-06 -1.91065511e-06 -1.91065511e-06][-1.95651083e-01 -6.11409636e-04  8.53261687e-01 -1.95651083e-01
 -6.11409636e-04 -4.58557227e-04 -4.58557227e-04][-2.60868111e-01 -8.15212848e-04 -1.95651083e-01  7.39131889e-01
 -8.15212848e-04 -6.11409636e-04 -6.11409636e-04][-8.15212848e-04 -2.54754015e-06 -6.11409636e-04 -8.15212848e-04
  9.99997452e-01 -1.91065511e-06 -1.91065511e-06][-6.11409636e-04 -1.91065511e-06 -4.58557227e-04 -6.11409636e-04
 -1.91065511e-06  9.99998567e-01 -1.43299133e-06][-6.11409636e-04 -1.91065511e-06 -4.58557227e-04 -6.11409636e-04
 -1.91065511e-06 -1.43299133e-06  9.99998567e-01][-0.58936445 -0.00184176 -0.44202334 -0.58936445 -0.00184176 -0.00138132
 -0.00138132][ 7.39131889e-01 -8.15212848e-04 -1.95651083e-01 -2.60868111e-01
 -8.15212848e-04 -6.11409636e-04 -6.11409636e-04][-8.15212848e-04  9.99997452e-01 -6.11409636e-04 -8.15212848e-04
 -2.54754015e-06 -1.91065511e-06 -1.91065511e-06][-1.95651083e-01 -6.11409636e-04  8.53261687e-01 -1.95651083e-01
 -6.11409636e-04 -4.58557227e-04 -4.58557227e-04][-2.60868111e-01 -8.15212848e-04 -1.95651083e-01  7.39131889e-01
 -8.15212848e-04 -6.11409636e-04 -6.11409636e-04][-8.15212848e-04 -2.54754015e-06 -6.11409636e-04 -8.15212848e-04
  9.99997452e-01 -1.91065511e-06 -1.91065511e-06][-6.11409636e-04 -1.91065511e-06 -4.58557227e-04 -6.11409636e-04
 -1.91065511e-06  9.99998567e-01 -1.43299133e-06][-6.11409636e-04 -1.91065511e-06 -4.58557227e-04 -6.11409636e-04
 -1.91065511e-06 -1.43299133e-06  9.99998567e-01][-0.58936445 -0.00184176 -0.44202334 -0.58936445 -0.00184176 -0.00138132
 -0.00138132][ 7.39131889e-01 -8.15212848e-04 -1.95651083e-01 -2.60868111e-01
 -8.15212848e-04 -6.11409636e-04 -6.11409636e-04][-8.15212848e-04  9.99997452e-01 -6.11409636e-04 -8.15212848e-04
 -2.54754015e-06 -1.91065511e-06 -1.91065511e-06][-1.95651083e-01 -6.11409636e-04  8.53261687e-01 -1.95651083e-01
 -6.11409636e-04 -4.58557227e-04 -4.58557227e-04][-2.60868111e-01 -8.15212848e-04 -1.95651083e-01  7.39131889e-01
 -8.15212848e-04 -6.11409636e-04 -6.11409636e-04][-8.15212848e-04 -2.54754015e-06 -6.11409636e-04 -8.15212848e-04
  9.99997452e-01 -1.91065511e-06 -1.91065511e-06][-6.11409636e-04 -1.91065511e-06 -4.58557227e-04 -6.11409636e-04
 -1.91065511e-06  9.99998567e-01 -1.43299133e-06][-6.11409636e-04 -1.91065511e-06 -4.58557227e-04 -6.11409636e-04
 -1.91065511e-06 -1.43299133e-06  9.99998567e-01]